Residential Lighting Menu inputs: AEO2017 Reference case with subsidies
Last Modified: October 28, 2016
Definition:    Self-contained lighting technology and usage database for the RDM
Units:         See specific sections and headings below
Sources:       EIA - Technology Forecast Updates – Residential and Commercial Building Technologies
                   – Reference Case, EIA/Navigant, August 10, 2016;
               2009 RECS; 2010 U.S. Lighting Market Characteriztion, EERE Jan 2012;
               Residential Lighting End-Use Consumption Study: Estimation Framework and Initial Estimates,
                 EERE, Dec 2012;
               Solid-State Lighting Research and Development Multi-Year Program Plan, EERE, April 2013
Comments:      Current parameters allow 4 lighting applications with up to four bulb technologies in each
Notes:         Added dollar year of cost data to input file; adds EE rebates for historical EE calibration; changed beta 1 from -0.95 to -1.20 and beta 2 from -0.10 to -0.06







Dollar Year for Cost Data (RLGTDOLLARYR)
 2015

Number of Applications (NumApps) (i.e., GSL, reflector, linear fluorescent, exterior)
 4

Application Labels AppIDs()-Char*3 Data-and Order in Data File AppIndex()
GSL REF LFL EXT
 1   2   3   4 

Number of BulbType by Application (NumTypes); Number of usage bins (i.e., hours used) by application (NumAppBins) 
GSL REF LFL EXT
 3   4   3   4
 6   1   1   1

Technology Cost and Performance (years assumed not to overlap within an application bulb type)
(Note read this section until 9999 is encountered for FirstYear)
FirstYear LastYear Cost Sub1 Sub2 Sub3 Sub4 Sub5 Sub6 Sub7 Sub8 Sub9 Lumens/Watt Watts Life(hrs) CRI Application BulbType
2009	2012	0.25	0.00	0.00	0.00	0.00	0.00	0.00	0.00	0.00	0.00	14	60	1000	100	GSL	INC
2013	2014	2.05	0.00	0.00	0.00	0.00	0.00	0.00	0.00	0.00	0.00	17	44	970	100	GSL	INC
2015	2019	1.99	0.00	0.00	0.00	0.00	0.00	0.00	0.00	0.00	0.00	17	43	1000	100	GSL	INC
2020	2050	99.00	0.00	0.00	0.00	0.00	0.00	0.00	0.00	0.00	0.00	99	99	9999	100	GSL	INC
2009	2014	2.15	0.61	0.61	0.61	0.61	0.61	0.00	0.61	0.61	0.61	64	13	10000	82	GSL	CFL
2015	2019	2.03	0.41	0.41	0.41	0.41	0.41	0.00	0.00	0.41	0.41	69	13	10000	82	GSL	CFL
2020	2029	1.98	0.00	0.00	0.00	0.00	0.00	0.00	0.00	0.00	0.00	71	13	10253	82	GSL	CFL
2030	2039	1.89	0.00	0.00	0.00	0.00	0.00	0.00	0.00	0.00	0.00	74	12	10777	82	GSL	CFL
2040	2050	1.79	0.00	0.00	0.00	0.00	0.00	0.00	0.00	0.00	0.00	78	11	11328	82	GSL	CFL
2009	2009	68.00	0.00	10.20	10.20	0.00	3.40	0.00	0.00	3.40	0.00	44	18	20000	80	GSL	LED
2010	2010	57.00	0.00	8.55	11.40	0.00	5.70	0.00	0.00	2.85	8.55	54	17	20833	80	GSL	LED
2011	2011	47.00	0.00	9.40	7.05	0.00	4.70	0.00	0.00	2.35	7.05	64	15	21667	80	GSL	LED
2012	2012	36.00	7.20	9.00	7.20	0.00	7.20	0.00	0.00	3.60	7.20	74	13	22500	81	GSL	LED
2013	2013	26.00	6.50	5.20	6.50	10.40	6.50	0.00	0.00	3.90	6.50	84	12	23333	81	GSL	LED
2014	2014	15.00	6.75	6.00	6.75	6.75	6.75	0.00	4.50	6.75	6.75	94	10	24167	81	GSL	LED
2015	2015	4.99	2.25	2.25	2.25	2.25	2.25	0.00	2.25	2.25	2.25	104	8	25000	81	GSL	LED
2016	2016	5.00	2.25	2.25	2.25	2.25	2.25	0.00	2.25	2.25	2.25	110	8	30000	82	GSL	LED
2017	2017	4.00	1.80	1.80	1.80	1.80	1.80	0.00	1.80	1.80	1.80	115	8	35000	82	GSL	LED
2018	2018	4.00	1.80	1.80	1.80	1.80	1.80	0.00	1.80	1.80	1.80	121	7	40000	83	GSL	LED
2019	2019	3.00	1.35	1.35	1.35	1.35	1.35	0.00	1.35	1.35	1.35	126	7	45000	83	GSL	LED
2020	2021	3.00	1.80	1.80	1.80	1.80	1.80	0.60	1.80	1.80	1.80	131	6	50000	84	GSL	LED
2022	2029	3.00	1.95	1.95	1.95	1.95	1.95	0.90	1.95	1.95	1.95	131	6	50000	84	GSL	LED
2030	2039	3.00	1.95	1.95	1.95	1.95	1.95	0.90	1.95	1.95	1.95	131	6	50000	84	GSL	LED
2040	2050	2.00	1.30	1.30	1.30	1.30	1.30	0.60	1.30	1.30	1.30	161	5	50000	84	GSL	LED
2009	2014	1.37	0.00	0.00	0.00	0.00	0.00	0.00	0.00	0.00	0.00	10	65	2000	100	REF	INC
2015	2019	3.37	0.00	0.00	0.00	0.00	0.00	0.00	0.00	0.00	0.00	10	65	2000	100	REF	INC
2020	2029	3.29	0.00	0.00	0.00	0.00	0.00	0.00	0.00	0.00	0.00	10	64	2051	100	REF	INC
2030	2039	3.13	0.00	0.00	0.00	0.00	0.00	0.00	0.00	0.00	0.00	10	63	2155	100	REF	INC
2040	2050	2.97	0.00	0.00	0.00	0.00	0.00	0.00	0.00	0.00	0.00	10	62	2266	100	REF	INC
2009	2014	5.87	1.64	1.64	1.64	1.64	1.64	0.00	1.64	1.64	1.64	47	16	8000	82	REF	CFL
2015	2019	5.46	1.09	1.09	1.09	1.09	1.09	0.00	0.00	1.09	1.09	47	15	10000	82	REF	CFL
2020	2029	5.32	0.00	0.00	0.00	0.00	0.00	0.00	0.00	0.00	0.00	49	14	10253	82	REF	CFL
2030	2039	5.06	0.00	0.00	0.00	0.00	0.00	0.00	0.00	0.00	0.00	51	14	10777	82	REF	CFL
2040	2050	4.82	0.00	0.00	0.00	0.00	0.00	0.00	0.00	0.00	0.00	54	13	11328	82	REF	CFL
2009	2014	4.19	0.00	0.00	0.00	0.00	0.00	0.00	0.00	0.00	0.00	13	50	1400	100	REF	HAL
2015	2019	5.71	0.00	0.00	0.00	0.00	0.00	0.00	0.00	0.00	0.00	14	47	1500	100	REF	HAL
2020	2029	5.57	0.00	0.00	0.00	0.00	0.00	0.00	0.00	0.00	0.00	14	46	1538	100	REF	HAL
2030	2039	5.30	0.00	0.00	0.00	0.00	0.00	0.00	0.00	0.00	0.00	15	44	1617	100	REF	HAL
2040	2050	5.04	0.00	0.00	0.00	0.00	0.00	0.00	0.00	0.00	0.00	16	42	1699	100	REF	HAL
2009	2009	98.40	0.00	14.76	14.76	0.00	4.92	0.00	0.00	4.92	0.00	33	18	20000	80	REF	LED
2010	2010	85.00	0.00	12.75	17.00	0.00	8.50	0.00	0.00	4.25	12.75	41	17	21333	81	REF	LED
2011	2011	71.00	0.00	14.20	10.65	0.00	7.10	0.00	0.00	3.55	10.65	48	15	22667	81	REF	LED
2012	2012	58.00	11.60	14.50	11.60	0.00	11.60	0.00	0.00	5.80	11.60	56	14	24000	82	REF	LED
2013	2013	44.00	11.00	8.80	11.00	17.60	11.00	0.00	0.00	6.60	11.00	63	13	25333	83	REF	LED
2014	2014	30.00	13.50	12.00	13.50	13.50	13.50	0.00	9.00	13.50	13.50	70	12	26667	83	REF	LED
2015	2015	16.67	7.50	7.50	7.50	7.50	7.50	0.00	7.50	7.50	7.50	78	10	28000	84	REF	LED
2016	2016	15.00	6.75	6.75	6.75	6.75	6.75	0.00	6.75	6.75	6.75	80	10	32200	84	REF	LED
2017	2017	13.00	5.85	5.85	5.85	5.85	5.85	0.00	5.85	5.85	5.85	83	9	36400	84	REF	LED
2018	2018	12.00	5.40	5.40	5.40	5.40	5.40	0.00	5.40	5.40	5.40	86	9	40600	84	REF	LED
2019	2019	10.00	4.50	4.50	4.50	4.50	4.50	0.00	4.50	4.50	4.50	88	8	44800	84	REF	LED
2020	2021	8.63	5.18	5.18	5.18	5.18	5.18	1.72	5.18	5.18	5.18	91	8	49000	84	REF	LED
2022	2029	8.63	5.61	5.61	5.61	5.61	5.61	2.58	5.61	5.61	5.61	91	8	49000	84	REF	LED
2030	2039	4.90	3.19	3.19	3.19	3.19	3.19	1.48	3.19	3.19	3.19	117	6	50000	84	REF	LED
2040	2050	2.80	1.82	1.82	1.82	1.82	1.82	0.84	1.82	1.82	1.82	144	5	50000	84	REF	LED
2009	2012	0.92	0.00	0.00	0.00	0.00	0.00	0.00	0.00	0.00	0.00	72	40	15000	70	LFL	T12
2013	2050	99.00	0.00	0.00	0.00	0.00	0.00	0.00	0.00	0.00	0.00	99	99	9999	100	LFL	T12
2009	2014	0.85	0.00	0.00	0.00	0.00	0.00	0.00	0.00	0.00	0.00	79	32	20000	75	LFL	T-8
2015	2019	5.51	0.00	0.00	0.00	0.00	0.00	0.00	0.00	0.00	0.00	89	32	21000	85	LFL	T-8
2020	2029	5.37	0.00	0.00	0.00	0.00	0.00	0.00	0.00	0.00	0.00	92	30	21530	85	LFL	T-8
2030	2039	5.11	0.00	0.00	0.00	0.00	0.00	0.00	0.00	0.00	0.00	92	30	22631	85	LFL	T-8
2040	2050	4.86	0.00	0.00	0.00	0.00	0.00	0.00	0.00	0.00	0.00	94	30	23789	85	LFL	T-8
2009	2014	135.83	0.00	0.00	0.00	0.00	0.00	0.00	0.00	0.00	0.00	75	18	35000	70	LFL	LED
2015	2019	34.42	0.00	0.00	0.00	0.00	0.00	0.00	0.00	0.00	0.00	116	18	45000	83	LFL	LED
2020	2021	22.76	2.28	2.28	2.28	2.28	2.28	2.28	2.28	2.28	2.28	136	15	49000	83	LFL	LED
2022	2029	22.76	3.41	3.41	3.41	3.41	3.41	3.41	3.41	3.41	3.41	136	15	49000	83	LFL	LED
2030	2039	10.44	1.57	1.57	1.57	1.57	1.57	1.57	1.57	1.57	1.57	164	13	50000	83	LFL	LED
2040	2050	4.79	0.72	0.72	0.72	0.72	0.72	0.72	0.72	0.72	0.72	192	11	50000	83	LFL	LED
2009	2014	4.38	0.00	0.00	0.00	0.00	0.00	0.00	0.00	0.00	0.00	16	71	1904	100	EXT	INC
2015	2019	5.04	0.00	0.00	0.00	0.00	0.00	0.00	0.00	0.00	0.00	17	65	2450	100	EXT	INC
2020	2029	5.90	0.00	0.00	0.00	0.00	0.00	0.00	0.00	0.00	0.00	17	68	3007	100	EXT	INC
2030	2039	5.61	0.00	0.00	0.00	0.00	0.00	0.00	0.00	0.00	0.00	18	65	3161	100	EXT	INC
2040	2050	5.33	0.00	0.00	0.00	0.00	0.00	0.00	0.00	0.00	0.00	18	62	3323	100	EXT	INC
2009	2014	5.25	1.53	1.53	1.53	1.53	1.53	0.00	1.53	1.53	1.53	59	19	9705	82	EXT	CFL
2015	2019	5.10	1.02	1.02	1.02	1.02	1.02	0.00	0.00	1.02	1.02	61	21	10000	82	EXT	CFL
2020	2029	4.97	0.00	0.00	0.00	0.00	0.00	0.00	0.00	0.00	0.00	63	20	10253	82	EXT	CFL
2030	2039	4.73	0.00	0.00	0.00	0.00	0.00	0.00	0.00	0.00	0.00	66	19	10777	82	EXT	CFL
2040	2050	4.49	0.00	0.00	0.00	0.00	0.00	0.00	0.00	0.00	0.00	69	18	11328	82	EXT	CFL
2005	2019	15.00	0.00	0.00	0.00	0.00	0.00	0.00	0.00	0.00	0.00	93	70	24000	100	EXT	HPS
2020	2029	10.00	0.00	0.00	0.00	0.00	0.00	0.00	0.00	0.00	0.00	93	70	24000	100	EXT	HPS
2030	2039	10.00	0.00	0.00	0.00	0.00	0.00	0.00	0.00	0.00	0.00	93	70	24000	100	EXT	HPS
2040	2050	10.00	0.00	0.00	0.00	0.00	0.00	0.00	0.00	0.00	0.00	93	70	24000	100	EXT	HPS
2009	2009	116.00	0.00	17.40	17.40	0.00	5.80	0.00	0.00	5.80	0.00	40	23	20000	80	EXT	LED
2010	2010	99.00	0.00	14.85	19.80	0.00	9.90	0.00	0.00	4.95	14.85	49	22	21083	81	EXT	LED
2011	2011	83.00	0.00	16.60	12.45	0.00	8.30	0.00	0.00	4.15	12.45	58	20	22167	81	EXT	LED
2012	2012	66.00	13.20	16.50	13.20	0.00	13.20	0.00	0.00	6.60	13.20	67	18	23250	82	EXT	LED
2013	2013	49.50	12.38	9.90	12.38	19.80	12.38	0.00	0.00	7.43	12.38	76	16	24333	82	EXT	LED
2014	2014	33.00	14.85	13.20	14.85	14.85	14.85	0.00	9.90	14.85	14.85	85	14	25417	82	EXT	LED
2015	2015	16.44	7.40	7.40	7.40	7.40	7.40	0.00	7.40	7.40	7.40	94	12	26500	83	EXT	LED
2016	2016	15.50	6.98	6.98	6.98	6.98	6.98	0.00	6.98	6.98	6.98	96	12	29434	83	EXT	LED
2017	2017	14.50	6.53	6.53	6.53	6.53	6.53	0.00	6.53	6.53	6.53	97	12	32367	83	EXT	LED
2018	2018	13.50	6.08	6.08	6.08	6.08	6.08	0.00	6.08	6.08	6.08	99	12	35300	83	EXT	LED
2019	2019	12.00	6.60	6.60	6.60	6.60	6.60	1.20	6.60	6.60	6.60	101	12	38234	83	EXT	LED
2020	2021	10.35	6.73	6.73	6.73	6.73	6.73	3.10	6.73	6.73	6.73	111	11	49500	84	EXT	LED
2022	2029	10.35	6.73	6.73	6.73	6.73	6.73	3.10	6.73	6.73	6.73	111	11	49500	84	EXT	LED
2030	2039	6.62	4.30	4.30	4.30	4.30	4.30	1.98	4.30	4.30	4.30	124	10	50000	84	EXT	LED
2040	2050	3.95	2.57	2.57	2.57	2.57	2.57	1.18	2.57	2.57	2.57	152	8	50000	84	EXT	LED

9999	9999	999	99	99	99	99	99	99	99	99	99	99	99	999	99	End End 


GS Lamps per Housing Unit (SF, MF, Mobile)
 58.0 	 17.9 	 25.5
Reflector
 7.5 	 2.3 	 3.3
Linear	Fluorescent(4-ft, 1Bulbs)
 4.2 	 1.3 	 1.8
Exterior Lighting
 11.1 	 2.1 	 5.5


GS Hours per bin (daily)
 0.5	1.5	2.5	4.5	8.0	10.0             Hours for each bin (GSHOURS)
GS Overall Bulb Shares by Bin
 0.65	0.16	0.08	0.055	0.035	0.02             Shares of bulbs by bin (GSSHARE)
GS Initial Bulb Shares by BulbType and Bin (INC/HAL, CFL, LED)
 0.800	0.780	0.760	0.740	0.720	0.700
 0.198	0.218	0.238	0.258	0.278	0.298
 0.002	0.002	0.002	0.002	0.002	0.002
GS RECSYear Watts (from database above) INC, CFL, LED
 60. 13. 18.


Reflector Hours per Bin (daily)
 1.4
Reflector Overall Bulb Shares by Bin
 1.
Reflector Shares by BulbType and Bin (INC, CFL, HAL, LED)
 0.60
 0.16
 0.24
 0.00
Reflector RECSYear Watts
 65. 16. 50. 18.


Linear Fluorescent Hours per Day (no shares all LFL)
 1.4
LFL Overall Bulb Shares by Bin
 1.
LFL Shares by BulbType and bin(T12,T-8,LED)
 0.84
 0.16
 0.00
LFL RECSYear Watts
 40. 32. 18.


Exterior Hours per Day
 2.0
EXT Overall Bulb Shares by Bin
 1.
EXT Shares by BulbType (INC, CFL, HID, LED)
 0.59
 0.18
 0.23
 0.00
EXT RECSYear Watts
 65. 19. 70. 28.


Choice Parameters (Capital Cost, Operating Cost)
 -1.40   -0.07
----------eodata